2.5,0,[],[0.04487],[0],0,1
2.5,1,[0.00125],[0.0214],[1],1,1
2.5,2,[],[0.09434],[0],0,1
2.5,3,[0.00162, 0.00183],[0.04838],[2],2,1
2.5,4,[0.00235],[],[],1,0
2.5,5,[],[],[],0,0
2.5,6,[0.001, 0.00393],[0.02641],[2],2,1
2.5,7,[0.00415],[],[],1,0
2.5,8,[0.0048],[],[],1,0
2.5,9,[0.00097, 0.00381],[],[],2,0
2.5,10,[],[0.03741],[0],0,1
2.5,11,[],[0.09727],[0],0,1
2.5,12,[],[0.02807],[0],0,1
2.5,13,[0.00804],[],[],1,0
2.5,14,[],[],[],0,0
2.5,15,[0.00214],[0.02785],[1],1,1
2.5,16,[0.00055, 0.00035],[0.03691],[2],2,1
2.5,17,[0.00076],[0.05373],[1],1,1
2.5,18,[0.00806],[0.07089],[1],1,1
2.5,19,[],[0.02647],[0],0,1
2.5,20,[],[0.03464],[0],0,1
2.5,21,[0.00893],[0.03409],[1],1,1
2.5,22,[0.00177],[0.03309],[1],1,1
2.5,23,[0.0045, 0.00146],[0.04524],[2],2,1
2.5,24,[],[0.02421],[0],0,1
2.5,25,[0.00193],[0.06869],[1],1,1
2.5,26,[],[0.04678],[0],0,1
2.5,27,[],[0.03711],[0],0,1
2.5,28,[],[0.10512],[0],0,1
2.5,29,[0.00848],[0.02111],[1],1,1
2.5,30,[],[0.0274],[0],0,1
2.5,31,[0.0098],[],[],1,0
2.5,32,[],[0.02348],[0],0,1
2.5,33,[0.0009],[0.05081],[1],1,1
2.5,34,[],[0.0253],[0],0,1
2.5,35,[],[0.02523],[0],0,1
2.5,36,[],[0.0378],[0],0,1
2.5,37,[],[0.03209],[0],0,1
2.5,38,[0.00495],[],[],1,0
2.5,39,[],[0.04345],[0],0,1
2.5,40,[],[0.05677],[0],0,1
2.5,41,[],[0.02003],[0],0,1
2.5,42,[0.0011, 0.00631],[],[],2,0
2.5,43,[],[0.04736],[0],0,1
2.5,44,[],[0.02769],[0],0,1
2.5,45,[],[0.04235],[0],0,1
2.5,46,[],[0.03808],[0],0,1
2.5,47,[],[0.05889],[0],0,1
2.5,48,[],[0.02044],[0],0,1
2.5,49,[],[0.02661],[0],0,1
2.5,50,[0.00402],[],[],1,0
2.5,51,[],[0.03282],[0],0,1
2.5,52,[0.00125, 0.00048],[0.07179],[2],2,1
2.5,53,[],[0.02634],[0],0,1
2.5,54,[],[0.03574],[0],0,1
2.5,55,[],[0.02386],[0],0,1
2.5,56,[],[],[],0,0
2.5,57,[],[0.02235],[0],0,1
2.5,58,[0.0015],[0.02928],[1],1,1
2.5,59,[0.00294],[0.07032],[1],1,1
2.5,60,[],[0.0434],[0],0,1
2.5,61,[0.00913],[0.02282],[1],1,1
2.5,62,[0.00136],[0.02808],[1],1,1
2.5,63,[],[0.04209],[0],0,1
2.5,64,[0.003, 0.00687],[],[],2,0
2.5,65,[],[0.03404],[0],0,1
2.5,66,[],[0.06212],[0],0,1
2.5,67,[],[0.02187],[0],0,1
2.5,68,[],[0.02207],[0],0,1
2.5,69,[0.00127],[0.03519],[1],1,1
2.5,70,[0.0006, 0.00678],[],[],2,0
2.5,71,[0.00466],[0.02307],[1],1,1
2.5,72,[],[0.06405],[0],0,1
2.5,73,[0.00295],[0.06975],[1],1,1
2.5,74,[0.00299],[0.02566],[1],1,1
2.5,75,[0.00963],[],[],1,0
2.5,76,[],[0.0565],[0],0,1
2.5,77,[],[0.07947],[0],0,1
2.5,78,[0.00073, 0.00761],[0.20639],[2],2,1
2.5,79,[0.00063],[0.05154],[1],1,1
2.5,80,[0.00404],[0.03504],[1],1,1
2.5,81,[0.00279],[0.04207],[1],1,1
2.5,82,[],[0.04919],[0],0,1
2.5,83,[],[0.034],[0],0,1
2.5,84,[],[0.04312],[0],0,1
2.5,85,[0.00141],[0.07448],[1],1,1
2.5,86,[0.00943],[],[],1,0
2.5,87,[0.00318, 0.00164],[0.0332],[2],2,1
2.5,88,[0.00143, 0.00046],[0.025],[2],2,1
2.5,89,[],[0.02804],[0],0,1
2.5,90,[],[0.02162],[0],0,1
2.5,91,[0.00457],[],[],1,0
2.5,92,[0.00113],[0.02326],[1],1,1
2.5,93,[],[0.07399],[0],0,1
2.5,94,[],[0.02898],[0],0,1
2.5,95,[0.00176],[0.08159],[1],1,1
2.5,96,[0.00026, 0.0082],[],[],2,0
2.5,97,[0.00474],[],[],1,0
2.5,98,[0.00643],[],[],1,0
2.5,99,[],[0.02984],[0],0,1

