2.5,0,[],[0.02617],[0],0,1
2.5,1,[],[0.04417],[0],0,1
2.5,2,[],[0.0278],[0],0,1
2.5,3,[0.00769],[0.05089],[1],1,1
2.5,4,[],[0.0534],[0],0,1
2.5,5,[],[0.02217],[0],0,1
2.5,6,[],[0.05281],[0],0,1
2.5,7,[],[0.03999],[0],0,1
2.5,8,[0.00135],[0.02144],[1],1,1
2.5,9,[0.00184],[0.04107],[1],1,1
2.5,10,[],[0.02413],[0],0,1
2.5,11,[0.00166],[0.0205],[1],1,1
2.5,12,[],[0.0229],[0],0,1
2.5,13,[0.00584],[],[],1,0
2.5,14,[],[0.04933],[0],0,1
2.5,15,[0.00432, 0.00073],[],[],2,0
2.5,16,[],[0.03741],[0],0,1
2.5,17,[0.00343],[],[],1,0
2.5,18,[0.00831],[],[],1,0
2.5,19,[0.00093, 0.0058, 0.00264],[0.02602],[3],3,1
2.5,20,[],[0.08606],[0],0,1
2.5,21,[],[0.05026],[0],0,1
2.5,22,[],[0.02532],[0],0,1
2.5,23,[],[0.02618],[0],0,1
2.5,24,[],[0.05698],[0],0,1
2.5,25,[],[0.03394],[0],0,1
2.5,26,[0.00109],[0.05017],[1],1,1
2.5,27,[],[0.02689],[0],0,1
2.5,28,[0.00088],[0.02048],[1],1,1
2.5,29,[0.005],[],[],1,0
2.5,30,[0.00615],[],[],1,0
2.5,31,[],[0.02919],[0],0,1
2.5,32,[],[0.04928],[0],0,1
2.5,33,[0.00038],[0.05383],[1],1,1
2.5,34,[],[0.1171],[0],0,1
2.5,35,[0.00234],[],[],1,0
2.5,36,[],[0.04295],[0],0,1
2.5,37,[],[0.02967],[0],0,1
2.5,38,[],[0.10784],[0],0,1
2.5,39,[],[0.04078],[0],0,1
2.5,40,[0.00509],[],[],1,0
2.5,41,[],[0.03639],[0],0,1
2.5,42,[0.00072],[0.02117],[1],1,1
2.5,43,[0.00098],[0.07901],[1],1,1
2.5,44,[],[0.03518],[0],0,1
2.5,45,[0.00393],[0.03828],[1],1,1
2.5,46,[],[0.04018],[0],0,1
2.5,47,[0.00279],[0.04571],[1],1,1
2.5,48,[0.0026],[0.02197],[1],1,1
2.5,49,[],[0.03544],[0],0,1
2.5,50,[0.00565],[0.08127],[1],1,1
2.5,51,[],[0.02736],[0],0,1
2.5,52,[0.00471],[],[],1,0
2.5,53,[0.00391],[],[],1,0
2.5,54,[],[0.03777],[0],0,1
2.5,55,[],[0.03239],[0],0,1
2.5,56,[],[0.0423],[0],0,1
2.5,57,[0.00558],[],[],1,0
2.5,58,[0.00837],[],[],1,0
2.5,59,[],[0.03528],[0],0,1
2.5,60,[0.0027],[0.02768],[1],1,1
2.5,61,[],[0.0319],[0],0,1
2.5,62,[],[0.0289],[0],0,1
2.5,63,[],[0.03192],[0],0,1
2.5,64,[0.00301],[],[],1,0
2.5,65,[],[0.05246],[0],0,1
2.5,66,[0.00191],[0.02272],[1],1,1
2.5,67,[],[0.08542],[0],0,1
2.5,68,[],[0.06549],[0],0,1
2.5,69,[],[0.094],[0],0,1
2.5,70,[0.00037, 0.00132],[0.09685],[2],2,1
2.5,71,[0.0079],[],[],1,0
2.5,72,[],[0.03121],[0],0,1
2.5,73,[0.00689, 0.00624],[],[],2,0
2.5,74,[],[0.06698],[0],0,1
2.5,75,[],[0.02978],[0],0,1
2.5,76,[],[],[],0,0
2.5,77,[],[0.03711],[0],0,1
2.5,78,[],[0.04499],[0],0,1
2.5,79,[],[0.03677],[0],0,1
2.5,80,[],[0.04759],[0],0,1
2.5,81,[0.00194],[0.09697],[1],1,1
2.5,82,[],[0.04041],[0],0,1
2.5,83,[0.00331],[],[],1,0
2.5,84,[0.00214],[0.08166],[1],1,1
2.5,85,[],[0.04758],[0],0,1
2.5,86,[0.00506],[],[],1,0
2.5,87,[0.00207, 0.00426],[0.10319],[2],2,1
2.5,88,[],[0.03563],[0],0,1
2.5,89,[],[0.02947],[0],0,1
2.5,90,[],[0.02015],[0],0,1
2.5,91,[],[0.02708],[0],0,1
2.5,92,[0.00689],[],[],1,0
2.5,93,[],[0.0828],[0],0,1
2.5,94,[],[0.03111],[0],0,1
2.5,95,[],[0.0515],[0],0,1
2.5,96,[0.00311, 0.00572],[],[],2,0
2.5,97,[],[0.02069],[0],0,1
2.5,98,[],[0.04902],[0],0,1
2.5,99,[],[0.05743],[0],0,1

