2.5,0,[0.00217],[],[],1,0
2.5,1,[0.01762],[],[],1,0
2.5,2,[0.00042, 0.02373],[],[],2,0
2.5,3,[0.05997],[],[],1,0
2.5,4,[0.07843],[],[],1,0
2.5,5,[0.00238, 0.0058],[],[],2,0
2.5,6,[0.01166],[],[],1,0
2.5,7,[0.01897],[],[],1,0
2.5,8,[0.02873],[],[],1,0
2.5,9,[0.02581],[],[],1,0
2.5,10,[0.07518],[],[],1,0
2.5,11,[0.00982],[],[],1,0
2.5,12,[0.01234],[],[],1,0
2.5,13,[0.05551],[],[],1,0
2.5,14,[0.01405],[],[],1,0
2.5,15,[0.00597],[],[],1,0
2.5,16,[0.02319],[],[],1,0
2.5,17,[0.04302],[],[],1,0
2.5,18,[0.00086, 0.00139, 0.00139, 0.06625],[],[],4,0
2.5,19,[0.00788],[],[],1,0
2.5,20,[0.05855],[],[],1,0
2.5,21,[0.00023, 0.07052],[],[],2,0
2.5,22,[0.03842],[],[],1,0
2.5,23,[0.02161],[],[],1,0
2.5,24,[0.03292],[],[],1,0
2.5,25,[0.00148, 0.00158, 0.07193],[],[],3,0
2.5,26,[0.00182, 0.05549],[],[],2,0
2.5,27,[0.00481],[],[],1,0
2.5,28,[0.01266],[],[],1,0
2.5,29,[0.01607],[],[],1,0
2.5,30,[0.00544, 0.01889],[],[],2,0
2.5,31,[0.00331, 0.00476],[0.21958],[2],2,1
2.5,32,[0.01315, 0.00628],[],[],2,0
2.5,33,[0.01072],[],[],1,0
2.5,34,[0.01647],[],[],1,0
2.5,35,[0.00261, 0.00256, 0.08906],[],[],3,0
2.5,36,[0.05654],[],[],1,0
2.5,37,[0.00236, 0.02307],[],[],2,0
2.5,38,[0.02191],[],[],1,0
2.5,39,[0.0024],[],[],1,0
2.5,40,[0.0032, 0.00993],[],[],2,0
2.5,41,[0.00219, 0.04048],[],[],2,0
2.5,42,[0.01193],[],[],1,0
2.5,43,[0.01151],[],[],1,0
2.5,44,[0.01249],[],[],1,0
2.5,45,[0.00342, 0.00284, 0.04371],[],[],3,0
2.5,46,[0.02004],[],[],1,0
2.5,47,[0.01001, 0.00713],[],[],2,0
2.5,48,[0.00156, 0.00233, 0.05803],[],[],3,0
2.5,49,[0.03557],[],[],1,0
2.5,50,[0.004, 0.04491],[],[],2,0
2.5,51,[0.00202, 0.03357],[],[],2,0
2.5,52,[0.00989],[],[],1,0
2.5,53,[0.01239],[0.2037],[1],1,1
2.5,54,[0.05437],[],[],1,0
2.5,55,[0.00217, 0.021],[],[],2,0
2.5,56,[0.01821],[],[],1,0
2.5,57,[0.0017, 0.0021],[0.20698],[2],2,1
2.5,58,[0.01995],[],[],1,0
2.5,59,[0.03148],[],[],1,0
2.5,60,[0.04977],[],[],1,0
2.5,61,[0.02515],[],[],1,0
2.5,62,[0.02112],[],[],1,0
2.5,63,[0.0151],[],[],1,0
2.5,64,[0.00579, 0.03125],[],[],2,0
2.5,65,[0.00754, 0.02474],[],[],2,0
2.5,66,[0.00207, 0.02536],[],[],2,0
2.5,67,[0.01971],[],[],1,0
2.5,68,[0.0513],[],[],1,0
2.5,69,[0.00513],[],[],1,0
2.5,70,[0.00424, 0.04422],[],[],2,0
2.5,71,[0.01543],[],[],1,0
2.5,72,[0.06062],[],[],1,0
2.5,73,[0.02935],[],[],1,0
2.5,74,[0.01146],[],[],1,0
2.5,75,[0.04283],[],[],1,0
2.5,76,[0.0003, 0.0027, 0.00071, 0.00909],[],[],4,0
2.5,77,[0.01438],[],[],1,0
2.5,78,[0.02725],[],[],1,0
2.5,79,[0.031],[],[],1,0
2.5,80,[0.0043, 0.04725],[],[],2,0
2.5,81,[0.00951],[],[],1,0
2.5,82,[0.00614],[],[],1,0
2.5,83,[0.00952],[],[],1,0
2.5,84,[0.06648],[],[],1,0
2.5,85,[0.00102, 0.01186],[],[],2,0
2.5,86,[0.00023, 0.02011],[],[],2,0
2.5,87,[0.01355],[],[],1,0
2.5,88,[0.01962],[],[],1,0
2.5,89,[0.02602],[],[],1,0
2.5,90,[0.0224],[],[],1,0
2.5,91,[0.0192],[],[],1,0
2.5,92,[0.00985],[],[],1,0
2.5,93,[0.00057, 0.05736],[],[],2,0
2.5,94,[0.02146],[],[],1,0
2.5,95,[0.04272],[],[],1,0
2.5,96,[0.03178],[],[],1,0
2.5,97,[0.00418],[],[],1,0
2.5,98,[0.00536, 0.00321],[],[],2,0
2.5,99,[0.00998],[],[],1,0

