2.5,0,[0.03798],[],[],1,0
2.5,1,[0.01751],[],[],1,0
2.5,2,[0.01492],[],[],1,0
2.5,3,[0.0372],[],[],1,0
2.5,4,[0.00064, 0.03521],[],[],2,0
2.5,5,[0.03663],[],[],1,0
2.5,6,[0.00872],[],[],1,0
2.5,7,[0.00894],[],[],1,0
2.5,8,[0.00643, 0.02555],[],[],2,0
2.5,9,[0.02101],[],[],1,0
2.5,10,[0.00021, 0.02613],[],[],2,0
2.5,11,[0.0353],[],[],1,0
2.5,12,[0.01087],[],[],1,0
2.5,13,[0.01465],[],[],1,0
2.5,14,[0.02836],[],[],1,0
2.5,15,[0.02313],[],[],1,0
2.5,16,[0.01961],[],[],1,0
2.5,17,[0.01001],[],[],1,0
2.5,18,[0.0008, 0.03499],[],[],2,0
2.5,19,[0.03677],[],[],1,0
2.5,20,[0.0145],[],[],1,0
2.5,21,[0.01598],[],[],1,0
2.5,22,[],[0.26352],[0],0,1
2.5,23,[0.02168],[],[],1,0
2.5,24,[0.05772],[],[],1,0
2.5,25,[0.00305, 0.00109, 0.00126, 0.00169, 0.02607],[],[],5,0
2.5,26,[0.02144],[],[],1,0
2.5,27,[0.00319, 0.00631],[],[],2,0
2.5,28,[0.01942],[],[],1,0
2.5,29,[0.00617],[],[],1,0
2.5,30,[0.00885],[],[],1,0
2.5,31,[0.05279],[],[],1,0
2.5,32,[0.02179],[],[],1,0
2.5,33,[0.01243],[],[],1,0
2.5,34,[0.00604],[],[],1,0
2.5,35,[0.01745],[],[],1,0
2.5,36,[0.02068],[],[],1,0
2.5,37,[0.03738],[],[],1,0
2.5,38,[0.02254],[],[],1,0
2.5,39,[0.0072],[],[],1,0
2.5,40,[0.02032],[],[],1,0
2.5,41,[0.00601],[],[],1,0
2.5,42,[0.03674],[],[],1,0
2.5,43,[0.00198, 0.01207],[],[],2,0
2.5,44,[0.00249, 0.00415, 0.08922],[],[],3,0
2.5,45,[0.00076, 0.00633, 0.02182],[],[],3,0
2.5,46,[0.0008, 0.0044],[],[],2,0
2.5,47,[0.0454],[],[],1,0
2.5,48,[0.00115, 0.00476, 0.09908],[],[],3,0
2.5,49,[0.01304],[],[],1,0
2.5,50,[0.01063],[],[],1,0
2.5,51,[0.0188],[],[],1,0
2.5,52,[0.02391],[],[],1,0
2.5,53,[0.0023, 0.00173, 0.04365],[],[],3,0
2.5,54,[0.00749],[],[],1,0
2.5,55,[0.01971],[],[],1,0
2.5,56,[0.00543, 0.02821],[],[],2,0
2.5,57,[0.01055, 0.0055],[],[],2,0
2.5,58,[0.00316, 0.043],[],[],2,0
2.5,59,[0.01518],[],[],1,0
2.5,60,[0.00582, 0.091],[],[],2,0
2.5,61,[0.00747, 0.03417],[],[],2,0
2.5,62,[0.00061, 0.01001],[],[],2,0
2.5,63,[0.00245],[],[],1,0
2.5,64,[0.00159, 0.01833],[],[],2,0
2.5,65,[0.02005],[],[],1,0
2.5,66,[0.01136],[],[],1,0
2.5,67,[0.05051],[],[],1,0
2.5,68,[0.00342],[],[],1,0
2.5,69,[0.0675],[],[],1,0
2.5,70,[0.01702],[],[],1,0
2.5,71,[0.01334],[],[],1,0
2.5,72,[0.01471],[],[],1,0
2.5,73,[0.00678, 0.01239],[],[],2,0
2.5,74,[0.01223],[],[],1,0
2.5,75,[0.024],[],[],1,0
2.5,76,[0.01748],[],[],1,0
2.5,77,[0.00032, 0.00814],[],[],2,0
2.5,78,[0.02131],[],[],1,0
2.5,79,[0.03516],[],[],1,0
2.5,80,[0.02025],[],[],1,0
2.5,81,[0.02272],[],[],1,0
2.5,82,[0.01081],[],[],1,0
2.5,83,[0.03043],[],[],1,0
2.5,84,[0.00327, 0.02316],[],[],2,0
2.5,85,[0.01728],[],[],1,0
2.5,86,[0.00695, 0.02609],[],[],2,0
2.5,87,[0.03379],[],[],1,0
2.5,88,[0.0019],[0.21889],[1],1,1
2.5,89,[0.00468, 0.0258],[],[],2,0
2.5,90,[0.00454, 0.04382],[],[],2,0
2.5,91,[0.00414, 0.00523],[],[],2,0
2.5,92,[0.0038],[],[],1,0
2.5,93,[0.02585],[],[],1,0
2.5,94,[0.01749],[],[],1,0
2.5,95,[0.00814, 0.04774],[],[],2,0
2.5,96,[0.00231, 0.00159, 0.01443],[],[],3,0
2.5,97,[0.05798],[],[],1,0
2.5,98,[0.03199],[],[],1,0
2.5,99,[0.03262],[],[],1,0

