2.5,0,[0.00091],[],[],1,0
2.5,1,[0.00394, 0.00557],[],[],2,0
2.5,2,[0.06425],[],[],1,0
2.5,3,[0.03277],[],[],1,0
2.5,4,[0.00316, 0.02406],[],[],2,0
2.5,5,[0.00563],[0.27732],[1],1,1
2.5,6,[0.06189],[],[],1,0
2.5,7,[0.02324],[],[],1,0
2.5,8,[0.04271],[],[],1,0
2.5,9,[0.02204],[],[],1,0
2.5,10,[],[],[],0,0
2.5,11,[0.04486],[],[],1,0
2.5,12,[0.00113, 0.00386],[],[],2,0
2.5,13,[0.00867],[],[],1,0
2.5,14,[0.04434],[],[],1,0
2.5,15,[0.00571],[],[],1,0
2.5,16,[0.00584],[],[],1,0
2.5,17,[0.06827],[],[],1,0
2.5,18,[0.00841],[],[],1,0
2.5,19,[0.01669],[],[],1,0
2.5,20,[0.01934],[],[],1,0
2.5,21,[0.00282, 0.01373],[],[],2,0
2.5,22,[0.0383],[],[],1,0
2.5,23,[0.02192],[],[],1,0
2.5,24,[0.06947],[],[],1,0
2.5,25,[0.0592],[],[],1,0
2.5,26,[0.01328],[],[],1,0
2.5,27,[0.04207],[],[],1,0
2.5,28,[0.007],[],[],1,0
2.5,29,[0.00331, 0.01235],[],[],2,0
2.5,30,[0.00846],[],[],1,0
2.5,31,[0.00113, 0.06289],[],[],2,0
2.5,32,[0.00632],[],[],1,0
2.5,33,[0.0015, 0.001, 0.00658],[],[],3,0
2.5,34,[0.01061],[],[],1,0
2.5,35,[0.00464, 0.00902],[],[],2,0
2.5,36,[0.00399, 0.00789],[],[],2,0
2.5,37,[0.00188, 0.02278],[],[],2,0
2.5,38,[0.00664, 0.01565],[],[],2,0
2.5,39,[0.07282],[],[],1,0
2.5,40,[0.00134, 0.04281],[],[],2,0
2.5,41,[0.00562, 0.00528],[],[],2,0
2.5,42,[0.01845],[],[],1,0
2.5,43,[0.00392, 0.07185],[],[],2,0
2.5,44,[0.03836],[],[],1,0
2.5,45,[0.00238],[],[],1,0
2.5,46,[0.01656],[],[],1,0
2.5,47,[0.00075, 0.03395],[],[],2,0
2.5,48,[0.02823],[],[],1,0
2.5,49,[0.02712],[],[],1,0
2.5,50,[0.04757],[],[],1,0
2.5,51,[0.00205, 0.01278],[],[],2,0
2.5,52,[0.00416],[],[],1,0
2.5,53,[0.00026, 0.01013],[],[],2,0
2.5,54,[0.00791, 0.06915],[],[],2,0
2.5,55,[0.02533],[],[],1,0
2.5,56,[0.00282],[],[],1,0
2.5,57,[0.00554, 0.07944],[],[],2,0
2.5,58,[0.01793],[],[],1,0
2.5,59,[0.00609],[],[],1,0
2.5,60,[0.00156, 0.00143],[0.21423],[2],2,1
2.5,61,[0.0008, 0.04941],[],[],2,0
2.5,62,[0.00148, 0.01608],[],[],2,0
2.5,63,[0.01117],[],[],1,0
2.5,64,[0.00784, 0.00389],[],[],2,0
2.5,65,[0.00155, 0.06826],[],[],2,0
2.5,66,[0.07966],[],[],1,0
2.5,67,[0.00867],[],[],1,0
2.5,68,[0.00317, 0.0209],[],[],2,0
2.5,69,[0.00499],[],[],1,0
2.5,70,[0.00494, 0.01154],[],[],2,0
2.5,71,[0.00635],[],[],1,0
2.5,72,[0.05523],[],[],1,0
2.5,73,[0.0103, 0.00407],[],[],2,0
2.5,74,[0.00238, 0.00191, 0.04078],[],[],3,0
2.5,75,[0.00646],[],[],1,0
2.5,76,[0.00653],[],[],1,0
2.5,77,[0.0005, 0.04295],[],[],2,0
2.5,78,[0.00134, 0.01063],[],[],2,0
2.5,79,[0.01776],[],[],1,0
2.5,80,[0.01198, 0.04367],[],[],2,0
2.5,81,[0.00293, 0.00333],[],[],2,0
2.5,82,[0.01573],[],[],1,0
2.5,83,[0.01024],[],[],1,0
2.5,84,[0.00026, 0.01623],[],[],2,0
2.5,85,[0.03805],[],[],1,0
2.5,86,[0.02602],[],[],1,0
2.5,87,[0.00434, 0.00166, 0.05435],[],[],3,0
2.5,88,[0.01901],[],[],1,0
2.5,89,[0.00556, 0.02935],[],[],2,0
2.5,90,[0.00062, 0.02384],[],[],2,0
2.5,91,[0.00109, 0.01666],[],[],2,0
2.5,92,[0.01499],[],[],1,0
2.5,93,[0.00534],[],[],1,0
2.5,94,[0.0636],[],[],1,0
2.5,95,[0.02473],[],[],1,0
2.5,96,[0.01072],[],[],1,0
2.5,97,[0.01223],[],[],1,0
2.5,98,[0.00113, 0.01511],[],[],2,0
2.5,99,[0.01162],[],[],1,0

