2.5,0,[0.03933],[],[],1,0
2.5,1,[0.01788],[],[],1,0
2.5,2,[0.01606],[],[],1,0
2.5,3,[0.0003, 0.02127],[],[],2,0
2.5,4,[0.00294, 0.00801, 0.00302],[],[],3,0
2.5,5,[0.01354],[],[],1,0
2.5,6,[0.00575],[],[],1,0
2.5,7,[0.00873, 0.02594],[],[],2,0
2.5,8,[0.03002],[],[],1,0
2.5,9,[0.00651, 0.00483],[],[],2,0
2.5,10,[0.00029, 0.00959],[],[],2,0
2.5,11,[0.00714, 0.00236],[],[],2,0
2.5,12,[0.0029, 0.00453, 0.00522, 0.02706],[],[],4,0
2.5,13,[0.00108, 0.00835],[],[],2,0
2.5,14,[0.04153],[],[],1,0
2.5,15,[0.05432],[],[],1,0
2.5,16,[0.04822],[],[],1,0
2.5,17,[0.01863],[],[],1,0
2.5,18,[0.01201],[],[],1,0
2.5,19,[0.02466],[],[],1,0
2.5,20,[0.00592],[],[],1,0
2.5,21,[0.00046, 0.01649],[],[],2,0
2.5,22,[0.01178],[],[],1,0
2.5,23,[0.04075],[],[],1,0
2.5,24,[0.06129],[],[],1,0
2.5,25,[0.01576],[],[],1,0
2.5,26,[0.00756, 0.02322],[],[],2,0
2.5,27,[0.00774],[],[],1,0
2.5,28,[0.01435],[],[],1,0
2.5,29,[0.01436],[],[],1,0
2.5,30,[0.03445],[],[],1,0
2.5,31,[0.03969],[],[],1,0
2.5,32,[0.00738, 0.02616],[],[],2,0
2.5,33,[0.00418, 0.06044],[],[],2,0
2.5,34,[0.0095],[],[],1,0
2.5,35,[0.00021],[],[],1,0
2.5,36,[0.02716],[],[],1,0
2.5,37,[0.00758],[],[],1,0
2.5,38,[0.03924],[],[],1,0
2.5,39,[0.00542, 0.02885],[],[],2,0
2.5,40,[0.01127, 0.00456],[],[],2,0
2.5,41,[0.05834],[],[],1,0
2.5,42,[0.0023],[],[],1,0
2.5,43,[0.02406],[],[],1,0
2.5,44,[0.01393],[],[],1,0
2.5,45,[0.00019, 0.0435],[],[],2,0
2.5,46,[0.00083, 0.00505, 0.05521],[],[],3,0
2.5,47,[0.00245, 0.02022],[],[],2,0
2.5,48,[0.00868],[],[],1,0
2.5,49,[0.00287],[],[],1,0
2.5,50,[0.01662],[],[],1,0
2.5,51,[0.01429],[],[],1,0
2.5,52,[0.03625],[],[],1,0
2.5,53,[0.01077],[],[],1,0
2.5,54,[0.00112, 0.00071, 0.00451],[],[],3,0
2.5,55,[0.00219, 0.03643],[],[],2,0
2.5,56,[0.00191, 0.00202, 0.00866],[],[],3,0
2.5,57,[0.00026, 0.0214],[],[],2,0
2.5,58,[0.03043],[],[],1,0
2.5,59,[0.00397, 0.02164],[],[],2,0
2.5,60,[0.01713],[],[],1,0
2.5,61,[0.00327, 0.05824],[],[],2,0
2.5,62,[0.00031, 0.00045, 0.04395],[],[],3,0
2.5,63,[0.00283, 0.06272],[],[],2,0
2.5,64,[0.01683],[],[],1,0
2.5,65,[0.00806],[],[],1,0
2.5,66,[0.021],[],[],1,0
2.5,67,[0.00818],[],[],1,0
2.5,68,[0.0006, 0.05536],[],[],2,0
2.5,69,[0.00167, 0.01905],[],[],2,0
2.5,70,[0.01261],[],[],1,0
2.5,71,[0.00971],[],[],1,0
2.5,72,[0.0563],[],[],1,0
2.5,73,[0.00873],[],[],1,0
2.5,74,[0.00153, 0.02417],[],[],2,0
2.5,75,[0.01629],[],[],1,0
2.5,76,[0.03723],[],[],1,0
2.5,77,[0.006],[],[],1,0
2.5,78,[0.00873],[],[],1,0
2.5,79,[0.02264],[],[],1,0
2.5,80,[0.00341, 0.01141],[],[],2,0
2.5,81,[0.04829],[],[],1,0
2.5,82,[0.00211, 0.00077],[0.21789],[2],2,1
2.5,83,[0.0106],[],[],1,0
2.5,84,[0.00031, 0.02563],[],[],2,0
2.5,85,[0.00325, 0.00729],[],[],2,0
2.5,86,[0.02117],[],[],1,0
2.5,87,[0.01385],[],[],1,0
2.5,88,[0.00133, 0.00208, 0.01503],[],[],3,0
2.5,89,[0.02498],[],[],1,0
2.5,90,[0.00392, 0.03192],[],[],2,0
2.5,91,[0.00994],[],[],1,0
2.5,92,[],[],[],0,0
2.5,93,[0.02676],[],[],1,0
2.5,94,[0.04432],[],[],1,0
2.5,95,[0.01249],[],[],1,0
2.5,96,[0.00074, 0.02539],[],[],2,0
2.5,97,[0.00132, 0.00937, 0.03207],[],[],3,0
2.5,98,[0.00096, 0.01331],[],[],2,0
2.5,99,[0.08343],[],[],1,0

